問題表示
_ _ _ _ _ _ _ _ 
_ _ _ _ _ _ _ _ 
_ _ _ _ _ _ _ _ 
_ _ _ _ _ _ _ _ 
_ _ _ _ _ _ _ _ 
_ _ _ _ _ _ _ _ 
_ _ _ _ _ _ _ _ 
_ _ _ _ _ _ _ _ 

探索回数:3242065
解答表示
 0 37 54 33  2 35 18 21 
53 46  1 36 19 22  3 16 
38 55 32 45 34 17 20  9 
47 52 39 56 23 10 15  4 
58 31 44 51 40 25  8 11 
43 48 57 24 61 14  5 26 
30 59 50 41 28  7 12 63 
49 42 29 60 13 62 27  6 

探索回数:3242091
解答表示
 0 37 54 33  2 35 18 21 
53 46  1 36 19 22  3 16 
38 55 32 45 34 17 20  9 
47 52 39 60 23 10 15  4 
56 31 44 51 40 25  8 11 
43 48 59 24 61 14  5 26 
30 57 50 41 28  7 12 63 
49 42 29 58 13 62 27  6 

探索回数:3256266
解答表示
 0 37 50 33  2 35 18 21 
49 52  1 36 19 22  3 16 
38 59 32 51 34 17 20  9 
53 48 39 60 23 10 15  4 
58 31 54 47 40 25  8 11 
43 46 57 24 61 14  5 26 
30 55 44 41 28  7 12 63 
45 42 29 56 13 62 27  6 

探索回数:3256279
解答表示
 0 37 50 33  2 35 18 21 
49 52  1 36 19 22  3 16 
38 57 32 51 34 17 20  9 
53 48 39 58 23 10 15  4 
56 31 54 47 40 25  8 11 
43 46 59 24 61 14  5 26 
30 55 44 41 28  7 12 63 
45 42 29 60 13 62 27  6 

探索回数:3256317
解答表示
 0 37 50 33  2 35 18 21 
49 52  1 36 19 22  3 16 
38 55 32 51 34 17 20  9 
53 48 39 56 23 10 15  4 
58 31 54 47 40 25  8 11 
43 46 57 24 61 14  5 26 
30 59 44 41 28  7 12 63 
45 42 29 60 13 62 27  6 

探索回数:3256343
解答表示
 0 37 50 33  2 35 18 21 
49 52  1 36 19 22  3 16 
38 55 32 51 34 17 20  9 
53 48 39 60 23 10 15  4 
56 31 54 47 40 25  8 11 
43 46 59 24 61 14  5 26 
30 57 44 41 28  7 12 63 
45 42 29 58 13 62 27  6 

探索回数:3275176
解答表示
 0 37 48 33  2 35 18 21 
47 50  1 36 19 22  3 16 
38 57 32 49 34 17 20  9 
51 46 39 56 23 10 15  4 
58 31 52 45 40 25  8 11 
53 42 55 24 61 14  5 26 
30 59 44 41 28  7 12 63 
43 54 29 60 13 62 27  6 

探索回数:3275191
解答表示
 0 37 48 33  2 35 18 21 
47 50  1 36 19 22  3 16 
38 59 32 49 34 17 20  9 
51 46 39 60 23 10 15  4 
58 31 52 45 40 25  8 11 
53 42 55 24 61 14  5 26 
30 57 44 41 28  7 12 63 
43 54 29 56 13 62 27  6 

探索回数:3313997
解答表示
 0 37 46 33  2 35 18 21 
47 44  1 36 19 22  3 16 
38 57 32 45 34 17 20  9 
43 48 39 56 23 10 15  4 
58 31 42 49 40 25  8 11 
53 50 55 24 61 14  5 26 
30 59 52 41 28  7 12 63 
51 54 29 60 13 62 27  6 

探索回数:3314012
解答表示
 0 37 46 33  2 35 18 21 
47 44  1 36 19 22  3 16 
38 59 32 45 34 17 20  9 
43 48 39 60 23 10 15  4 
58 31 42 49 40 25  8 11 
53 50 55 24 61 14  5 26 
30 57 52 41 28  7 12 63 
51 54 29 56 13 62 27  6 

